360.0000000   432.000000   0.000000
16.666667   0.000000   0.000000   0.000000   0.000000   -0.000000   0.000000
33.333333   0.000000   0.000000   0.000000   0.000000   -0.000000   -0.230900
50.000000   0.000000   0.000000   0.000000   0.000000   -0.000000   -0.897213
66.666667   0.000000   0.000000   0.000000   0.000000   -0.000000   -1.959355
83.333333   0.000000   0.000000   0.000000   0.000000   -0.000000   -3.377743
100.000000   0.000000   0.000000   0.000000   0.000000   -0.000000   -5.112794
116.666667   0.000000   0.000000   0.000000   0.000000   -0.000000   -7.124926
133.333333   0.000000   0.000000   0.000000   0.000000   -0.000000   -9.374555
150.000000   0.000000   0.000000   0.000000   0.000000   -0.000000   -11.822100
166.666667   0.000000   0.000000   0.000000   0.000000   -0.000000   -14.427975
183.333333   0.000000   0.000000   0.000000   0.000000   -0.000000   -17.152599
200.000000   0.000000   0.000000   0.000000   0.000000   -0.000000   -19.956389
216.666667   0.000000   0.000000   0.000000   0.000000   -0.000000   -22.799764
233.333333   0.000000   0.000000   0.000000   0.000000   -0.000000   -25.643138
250.000000   0.000000   0.000000   0.000000   0.000000   -0.000000   -28.446927
266.666667   0.000000   0.000000   0.000000   0.000000   -0.000000   -31.171552
283.333333   0.000000   0.000000   0.000000   0.000000   -0.000000   -33.777430
300.000000   0.000000   0.000000   0.000000   0.000000   -0.000000   -36.224977
316.666667   0.000000   0.000000   0.000000   0.000000   -0.000000   -38.474599
333.333333   0.000000   0.000000   0.000000   0.000000   -0.000000   -40.486739
350.000000   0.000000   0.000000   0.000000   0.000000   -0.000000   -42.221788
366.666667   0.000000   0.000000   0.000000   0.000000   -0.000000   -43.640175
383.333333   0.000000   0.000000   0.000000   0.000000   -0.000000   -44.702311
400.000000   0.000000   0.000000   0.000000   0.000000   -0.000000   -45.368630
416.666667   0.000000   0.000000   0.000000   0.000000   -0.000000   -45.599528
433.333333   0.000000   0.000000   0.000000   0.000000   -0.000000   -45.176135
450.000000   0.000000   0.000000   0.000000   0.000000   -0.000000   -43.952353
466.666667   0.000000   0.000000   0.000000   0.000000   -0.000000   -41.997781
483.333333   0.000000   0.000000   0.000000   0.000000   -0.000000   -39.382024
500.000000   0.000000   0.000000   0.000000   0.000000   -0.000000   -36.174673
516.666667   0.000000   0.000000   0.000000   0.000000   -0.000000   -32.445335
533.333333   0.000000   0.000000   0.000000   0.000000   -0.000000   -28.263596
550.000000   0.000000   0.000000   0.000000   0.000000   -0.000000   -23.699064
566.666667   0.000000   0.000000   0.000000   0.000000   -0.000000   -18.821341
583.333333   0.000000   0.000000   0.000000   0.000000   -0.000000   -13.700018
600.000000   0.000000   0.000000   0.000000   0.000000   -0.000000   -8.404703
616.666667   0.000000   0.000000   0.000000   0.000000   -0.000000   -3.004986
633.333333   0.000000   0.000000   0.000000   0.000000   -0.000000   2.429531
650.000000   0.000000   0.000000   0.000000   0.000000   -0.000000   7.829251
666.666667   0.000000   0.000000   0.000000   0.000000   -0.000000   13.124557
683.333333   0.000000   0.000000   0.000000   0.000000   -0.000000   18.245877
700.000000   0.000000   0.000000   0.000000   0.000000   -0.000000   23.123609
716.666667   0.000000   0.000000   0.000000   0.000000   -0.000000   27.688125
733.333333   0.000000   0.000000   0.000000   0.000000   -0.000000   31.869874
750.000000   0.000000   0.000000   0.000000   0.000000   -0.000000   35.599226
766.666667   0.000000   0.000000   0.000000   0.000000   -0.000000   38.806574
783.333333   0.000000   0.000000   0.000000   0.000000   -0.000000   41.422324
800.000000   0.000000   0.000000   0.000000   0.000000   -0.000000   43.376906
816.666667   0.000000   0.000000   0.000000   0.000000   -0.000000   44.600684
833.333333   0.000000   0.000000   0.000000   0.000000   -0.000000   45.024071
850.000000   0.000000   0.000000   0.000000   0.000000   -0.000000   44.644193
866.666667   0.000000   0.000000   0.000000   0.000000   -0.000000   43.546178
883.333333   0.000000   0.000000   0.000000   0.000000   -0.000000   41.792486
900.000000   0.000000   0.000000   0.000000   0.000000   -0.000000   39.445555
916.666667   0.000000   0.000000   0.000000   0.000000   -0.000000   36.567832
933.333333   0.000000   0.000000   0.000000   0.000000   -0.000000   33.221764
950.000000   0.000000   0.000000   0.000000   0.000000   -0.000000   29.469797
966.666667   0.000000   0.000000   0.000000   0.000000   -0.000000   25.374375
983.333333   0.000000   0.000000   0.000000   0.000000   -0.000000   20.997950
1000.000000   0.000000   0.000000   0.000000   0.000000   -0.000000   16.402957
1016.666667   0.000000   0.000000   0.000000   0.000000   -0.000000   11.651854
1033.333333   0.000000   0.000000   0.000000   0.000000   -0.000000   6.807084
1050.000000   0.000000   0.000000   0.000000   0.000000   -0.000000   1.931087
1066.666667   0.000000   0.000000   0.000000   0.000000   -0.000000   -2.913685
1083.333333   0.000000   0.000000   0.000000   0.000000   -0.000000   -7.664790
1100.000000   0.000000   0.000000   0.000000   0.000000   -0.000000   -12.259770
1116.666667   0.000000   0.000000   0.000000   0.000000   -0.000000   -16.636203
1133.333333   0.000000   0.000000   0.000000   0.000000   -0.000000   -20.731612
1150.000000   0.000000   0.000000   0.000000   0.000000   -0.000000   -24.483578
1166.666667   0.000000   0.000000   0.000000   0.000000   -0.000000   -27.829654
1183.333333   0.000000   0.000000   0.000000   0.000000   -0.000000   -30.707369
1200.000000   0.000000   0.000000   0.000000   0.000000   -0.000000   -33.054318
1216.666667   0.000000   0.000000   0.000000   0.000000   -0.000000   -34.808010
1233.333333   0.000000   0.000000   0.000000   0.000000   -0.000000   -35.906004
1250.000000   0.000000   0.000000   0.000000   0.000000   -0.000000   -36.285889
1266.666667   0.000000   0.000000   0.000000   0.000000   -0.000000   -35.990299
1283.333333   0.000000   0.000000   0.000000   0.000000   -0.000000   -35.135927
1300.000000   0.000000   0.000000   0.000000   0.000000   -0.000000   -33.771358
1316.666667   0.000000   0.000000   0.000000   0.000000   -0.000000   -31.945184
1333.333333   0.000000   0.000000   0.000000   0.000000   -0.000000   -29.705999
1350.000000   0.000000   0.000000   0.000000   0.000000   -0.000000   -27.102382
1366.666667   0.000000   0.000000   0.000000   0.000000   -0.000000   -24.182934
1383.333333   0.000000   0.000000   0.000000   0.000000   -0.000000   -20.996241
1400.000000   0.000000   0.000000   0.000000   0.000000   -0.000000   -17.590889
1416.666667   0.000000   0.000000   0.000000   0.000000   -0.000000   -14.015477
1433.333333   0.000000   0.000000   0.000000   0.000000   -0.000000   -10.318587
1450.000000   0.000000   0.000000   0.000000   0.000000   -0.000000   -6.548813
1466.666667   0.000000   0.000000   0.000000   0.000000   -0.000000   -2.754743
1483.333333   0.000000   0.000000   0.000000   0.000000   -0.000000   1.015031
1500.000000   0.000000   0.000000   0.000000   0.000000   -0.000000   4.711915
1516.666667   0.000000   0.000000   0.000000   0.000000   -0.000000   8.287335
1533.333333   0.000000   0.000000   0.000000   0.000000   -0.000000   11.692679
1550.000000   0.000000   0.000000   0.000000   0.000000   -0.000000   14.879376
1566.666667   0.000000   0.000000   0.000000   0.000000   -0.000000   17.798821
1583.333333   0.000000   0.000000   0.000000   0.000000   -0.000000   20.402451
1600.000000   0.000000   0.000000   0.000000   0.000000   -0.000000   22.641633
1616.666667   0.000000   0.000000   0.000000   0.000000   -0.000000   24.467800
1633.333333   0.000000   0.000000   0.000000   0.000000   -0.000000   25.832370
1650.000000   0.000000   0.000000   0.000000   0.000000   -0.000000   26.686751
1666.666667   0.000000   0.000000   0.000000   0.000000   -0.000000   26.982329
1683.333333   0.000000   0.000000   0.000000   0.000000   -0.000000   26.226721
1700.000000   0.000000   0.000000   0.000000   0.000000   -0.000000   24.175782
1716.666667   0.000000   0.000000   0.000000   0.000000   -0.000000   21.153343
1733.333333   0.000000   0.000000   0.000000   0.000000   -0.000000   17.483239
1750.000000   0.000000   0.000000   0.000000   0.000000   -0.000000   13.489301
1766.666667   0.000000   0.000000   0.000000   0.000000   -0.000000   9.495364
1783.333333   0.000000   0.000000   0.000000   0.000000   -0.000000   5.825258
1800.000000   0.000000   0.000000   0.000000   0.000000   -0.000000   2.802821
1816.666667   0.000000   0.000000   0.000000   0.000000   -0.000000   0.751884
1833.333333   0.000000   0.000000   0.000000   0.000000   -0.000000   -0.003727
1850.000000   0.000000   0.000000   0.000000   0.000000   -0.000000   -0.003727
1866.666667   0.000000   0.000000   0.000000   0.000000   -0.000000   -0.003727
1883.333333   0.000000   0.000000   0.000000   0.000000   -0.000000   -0.003727
1900.000000   0.000000   0.000000   0.000000   0.000000   -0.000000   -0.003727
1916.666667   0.000000   0.000000   0.000000   0.000000   -0.000000   -0.003727
1933.333333   0.000000   0.000000   0.000000   0.000000   -0.000000   -0.003727
1950.000000   0.000000   0.000000   0.000000   0.000000   -0.000000   -0.003727
1966.666667   0.000000   0.000000   0.000000   0.000000   -0.000000   -0.003727
1983.333333   0.000000   0.000000   0.000000   0.000000   -0.000000   -0.003727
2000.000000   0.000000   0.000000   0.000000   0.000000   -0.000000   -0.003727
